date,new_cases,total_cases,new_deaths,total_deaths,new_tests
2019-12-31,0.0,0.0,0.0,0.0,
2020-01-01,0.0,0.0,0.0,0.0,
2020-01-02,0.0,0.0,0.0,0.0,
2020-01-03,0.0,0.0,0.0,0.0,
2020-01-04,0.0,0.0,0.0,0.0,
2020-01-05,0.0,0.0,0.0,0.0,
2020-01-06,0.0,0.0,0.0,0.0,
2020-01-07,0.0,0.0,0.0,0.0,
2020-01-08,0.0,0.0,0.0,0.0,
2020-01-09,0.0,0.0,0.0,0.0,
2020-01-10,0.0,0.0,0.0,0.0,
2020-01-11,0.0,0.0,0.0,0.0,
2020-01-12,0.0,0.0,0.0,0.0,
2020-01-13,0.0,0.0,0.0,0.0,
2020-01-14,0.0,0.0,0.0,0.0,
2020-01-15,0.0,0.0,0.0,0.0,
2020-01-16,0.0,0.0,0.0,0.0,
2020-01-17,0.0,0.0,0.0,0.0,
2020-01-18,0.0,0.0,0.0,0.0,
2020-01-19,0.0,0.0,0.0,0.0,
2020-01-20,0.0,0.0,0.0,0.0,
2020-01-21,0.0,0.0,0.0,0.0,
2020-01-22,0.0,0.0,0.0,0.0,
2020-01-23,0.0,0.0,0.0,0.0,
2020-01-24,0.0,0.0,0.0,0.0,
2020-01-25,0.0,0.0,0.0,0.0,
2020-01-26,0.0,0.0,0.0,0.0,
2020-01-27,0.0,0.0,0.0,0.0,
2020-01-28,0.0,0.0,0.0,0.0,
2020-01-29,0.0,0.0,0.0,0.0,
2020-01-30,0.0,0.0,0.0,0.0,
2020-01-31,3.0,3.0,0.0,0.0,
2020-02-01,0.0,3.0,0.0,0.0,
2020-02-02,0.0,3.0,0.0,0.0,
2020-02-03,0.0,3.0,0.0,0.0,
2020-02-04,0.0,3.0,0.0,0.0,
2020-02-05,0.0,3.0,0.0,0.0,
2020-02-06,0.0,3.0,0.0,0.0,
2020-02-07,0.0,3.0,0.0,0.0,
2020-02-08,0.0,3.0,0.0,0.0,
2020-02-09,0.0,3.0,0.0,0.0,
2020-02-10,0.0,3.0,0.0,0.0,
2020-02-11,0.0,3.0,0.0,0.0,
2020-02-12,0.0,3.0,0.0,0.0,
2020-02-13,0.0,3.0,0.0,0.0,
2020-02-14,0.0,3.0,0.0,0.0,
2020-02-15,0.0,3.0,0.0,0.0,
2020-02-16,0.0,3.0,0.0,0.0,
2020-02-17,0.0,3.0,0.0,0.0,
2020-02-18,0.0,3.0,0.0,0.0,
2020-02-19,0.0,3.0,0.0,0.0,
2020-02-20,0.0,3.0,0.0,0.0,
2020-02-21,0.0,3.0,0.0,0.0,
2020-02-22,14.0,17.0,0.0,0.0,
2020-02-23,62.0,79.0,2.0,2.0,
2020-02-24,53.0,132.0,0.0,2.0,
2020-02-25,97.0,229.0,4.0,6.0,
2020-02-26,93.0,322.0,5.0,11.0,
2020-02-27,78.0,400.0,1.0,12.0,
2020-02-28,250.0,650.0,5.0,17.0,
2020-02-29,238.0,888.0,4.0,21.0,
2020-03-01,240.0,1128.0,8.0,29.0,
2020-03-02,561.0,1689.0,6.0,35.0,
2020-03-03,347.0,2036.0,17.0,52.0,
2020-03-04,466.0,2502.0,28.0,80.0,
2020-03-05,587.0,3089.0,27.0,107.0,
2020-03-06,769.0,3858.0,41.0,148.0,
2020-03-07,778.0,4636.0,49.0,197.0,
2020-03-08,1247.0,5883.0,36.0,233.0,
2020-03-09,1492.0,7375.0,133.0,366.0,
2020-03-10,1797.0,9172.0,98.0,464.0,
2020-03-11,977.0,10149.0,167.0,631.0,
2020-03-12,2313.0,12462.0,196.0,827.0,
2020-03-13,2651.0,15113.0,189.0,1016.0,
2020-03-14,2547.0,17660.0,252.0,1268.0,
2020-03-15,3497.0,21157.0,173.0,1441.0,
2020-03-16,2823.0,23980.0,370.0,1811.0,
2020-03-17,4000.0,27980.0,347.0,2158.0,
2020-03-18,3526.0,31506.0,347.0,2505.0,
2020-03-19,4207.0,35713.0,473.0,2978.0,
2020-03-20,5322.0,41035.0,429.0,3407.0,
2020-03-21,5986.0,47021.0,625.0,4032.0,
2020-03-22,6557.0,53578.0,795.0,4827.0,
2020-03-23,5560.0,59138.0,649.0,5476.0,
2020-03-24,4789.0,63927.0,601.0,6077.0,
2020-03-25,5249.0,69176.0,743.0,6820.0,
2020-03-26,5210.0,74386.0,685.0,7505.0,
2020-03-27,6153.0,80539.0,660.0,8165.0,
2020-03-28,5959.0,86498.0,971.0,9136.0,
2020-03-29,5974.0,92472.0,887.0,10023.0,
2020-03-30,5217.0,97689.0,758.0,10781.0,
2020-03-31,4050.0,101739.0,810.0,11591.0,
2020-04-01,4053.0,105792.0,839.0,12430.0,
2020-04-02,4782.0,110574.0,727.0,13157.0,
2020-04-03,4668.0,115242.0,760.0,13917.0,
2020-04-04,4585.0,119827.0,764.0,14681.0,
2020-04-05,4805.0,124632.0,681.0,15362.0,
2020-04-06,4316.0,128948.0,527.0,15889.0,
2020-04-07,3599.0,132547.0,636.0,16525.0,
2020-04-08,3039.0,135586.0,604.0,17129.0,
2020-04-09,3836.0,139422.0,540.0,17669.0,
2020-04-10,4204.0,143626.0,612.0,18281.0,
2020-04-11,3951.0,147577.0,570.0,18851.0,
2020-04-12,4694.0,152271.0,619.0,19470.0,
2020-04-13,4092.0,156363.0,431.0,19901.0,
2020-04-14,3153.0,159516.0,564.0,20465.0,
2020-04-15,2972.0,162488.0,604.0,21069.0,
2020-04-16,2667.0,165155.0,578.0,21647.0,
2020-04-17,3786.0,168941.0,525.0,22172.0,
2020-04-18,3493.0,172434.0,575.0,22747.0,
2020-04-19,3491.0,175925.0,480.0,23227.0,
2020-04-20,3047.0,178972.0,433.0,23660.0,7841.0
2020-04-21,2256.0,181228.0,454.0,24114.0,28095.0
2020-04-22,2729.0,183957.0,534.0,24648.0,44248.0
2020-04-23,3370.0,187327.0,437.0,25085.0,37083.0
2020-04-24,2646.0,189973.0,464.0,25549.0,95273.0
2020-04-25,3021.0,192994.0,420.0,25969.0,38676.0
2020-04-26,2357.0,195351.0,415.0,26384.0,24113.0
2020-04-27,2324.0,197675.0,260.0,26644.0,26678.0
2020-04-28,1739.0,199414.0,333.0,26977.0,37554.0
2020-04-29,2091.0,201505.0,382.0,27359.0,38589.0
2020-04-30,2086.0,203591.0,323.0,27682.0,41441.0
2020-05-01,1872.0,205463.0,285.0,27967.0,43732.0
2020-05-02,1965.0,207428.0,269.0,28236.0,31231.0
2020-05-03,1900.0,209328.0,474.0,28710.0,27047.0
2020-05-04,1389.0,210717.0,174.0,28884.0,22999.0
2020-05-05,1221.0,211938.0,195.0,29079.0,32211.0
2020-05-06,1075.0,213013.0,236.0,29315.0,37771.0
2020-05-07,1444.0,214457.0,369.0,29684.0,13665.0
2020-05-08,1401.0,215858.0,274.0,29958.0,45428.0
2020-05-09,1327.0,217185.0,243.0,30201.0,36091.0
2020-05-10,1083.0,218268.0,194.0,30395.0,31384.0
2020-05-11,802.0,219070.0,165.0,30560.0,25823.0
2020-05-12,744.0,219814.0,179.0,30739.0,39620.0
2020-05-13,1402.0,221216.0,172.0,30911.0,37049.0
2020-05-14,888.0,222104.0,195.0,31106.0,41131.0
2020-05-15,992.0,223096.0,262.0,31368.0,39027.0
2020-05-16,789.0,223885.0,242.0,31610.0,40657.0
2020-05-17,875.0,224760.0,153.0,31763.0,33505.0
2020-05-18,675.0,225435.0,145.0,31908.0,26101.0
2020-05-19,451.0,225886.0,99.0,32007.0,40226.0
2020-05-20,813.0,226699.0,162.0,32169.0,38617.0
2020-05-21,665.0,227364.0,161.0,32330.0,40644.0
2020-05-22,642.0,228006.0,156.0,32486.0,42987.0
2020-05-23,652.0,228658.0,130.0,32616.0,42579.0
2020-05-24,669.0,229327.0,119.0,32735.0,34206.0
2020-05-25,531.0,229858.0,50.0,32785.0,20676.0
2020-05-26,300.0,230158.0,92.0,32877.0,33944.0
2020-05-27,397.0,230555.0,78.0,32955.0,37299.0
2020-05-28,584.0,231139.0,117.0,33072.0,39838.0
2020-05-29,593.0,231732.0,70.0,33142.0,38233.0
2020-05-30,516.0,232248.0,87.0,33229.0,36051.0
2020-05-31,416.0,232664.0,111.0,33340.0,28948.0
2020-06-01,355.0,233019.0,75.0,33415.0,18053.0
2020-06-02,178.0,233197.0,60.0,33475.0,25628.0
2020-06-03,318.0,233515.0,55.0,33530.0,20035.0
2020-06-04,321.0,233836.0,71.0,33601.0,27451.0
2020-06-05,177.0,234013.0,88.0,33689.0,40470.0
2020-06-06,518.0,234531.0,85.0,33774.0,34036.0
2020-06-07,270.0,234801.0,72.0,33846.0,27894.0
2020-06-08,197.0,234998.0,53.0,33899.0,16301.0
2020-06-09,280.0,235278.0,65.0,33964.0,32200.0
2020-06-10,283.0,235561.0,79.0,34043.0,37865.0
2020-06-11,202.0,235763.0,71.0,34114.0,32991.0
2020-06-12,379.0,236142.0,53.0,34167.0,37651.0
2020-06-13,163.0,236305.0,56.0,34223.0,32880.0
2020-06-14,346.0,236651.0,78.0,34301.0,29545.0
2020-06-15,338.0,236989.0,44.0,34345.0,17463.0
2020-06-16,301.0,237290.0,26.0,34371.0,27762.0
2020-06-17,210.0,237500.0,34.0,34405.0,33957.0
2020-06-18,328.0,237828.0,43.0,34448.0,32921.0
2020-06-19,331.0,238159.0,66.0,34514.0,28570.0
2020-06-20,-148.0,238011.0,47.0,34561.0,29875.0
2020-06-21,264.0,238275.0,49.0,34610.0,24581.0
2020-06-22,224.0,238499.0,24.0,34634.0,16152.0
2020-06-23,221.0,238720.0,23.0,34657.0,23225.0
2020-06-24,113.0,238833.0,18.0,34675.0,30237.0
2020-06-25,577.0,239410.0,-31.0,34644.0,29421.0
2020-06-26,296.0,239706.0,34.0,34678.0,28331.0
2020-06-27,255.0,239961.0,30.0,34708.0,29721.0
2020-06-28,175.0,240136.0,8.0,34716.0,21183.0
2020-06-29,174.0,240310.0,22.0,34738.0,15484.0
2020-06-30,126.0,240436.0,6.0,34744.0,28471.0
2020-07-01,142.0,240578.0,23.0,34767.0,29325.0
2020-07-02,182.0,240760.0,21.0,34788.0,29147.0
2020-07-03,201.0,240961.0,30.0,34818.0,25680.0
2020-07-04,223.0,241184.0,15.0,34833.0,28946.0
2020-07-05,235.0,241419.0,21.0,34854.0,21166.0
2020-07-06,192.0,241611.0,7.0,34861.0,13771.0
2020-07-07,208.0,241819.0,8.0,34869.0,22490.0
2020-07-08,137.0,241956.0,30.0,34899.0,28679.0
2020-07-09,193.0,242149.0,15.0,34914.0,29947.0
2020-07-10,214.0,242363.0,12.0,34926.0,27251.0
2020-07-11,276.0,242639.0,12.0,34938.0,25449.0
2020-07-12,188.0,242827.0,7.0,34945.0,23061.0
2020-07-13,234.0,243061.0,9.0,34954.0,14006.0
2020-07-14,169.0,243230.0,13.0,34967.0,24222.0
2020-07-15,114.0,243344.0,17.0,34984.0,28392.0
2020-07-16,162.0,243506.0,13.0,34997.0,28089.0
2020-07-17,230.0,243736.0,20.0,35017.0,28661.0
2020-07-18,231.0,243967.0,11.0,35028.0,27569.0
2020-07-19,249.0,244216.0,14.0,35042.0,20621.0
2020-07-20,218.0,244434.0,3.0,35045.0,14121.0
2020-07-21,190.0,244624.0,13.0,35058.0,23915.0
2020-07-22,128.0,244752.0,15.0,35073.0,29288.0
2020-07-23,280.0,245032.0,9.0,35082.0,33018.0
2020-07-24,306.0,245338.0,10.0,35092.0,28970.0
2020-07-25,252.0,245590.0,5.0,35097.0,28059.0
2020-07-26,274.0,245864.0,5.0,35102.0,25177.0
2020-07-27,254.0,246118.0,5.0,35107.0,19374.0
2020-07-28,168.0,246286.0,5.0,35112.0,25341.0
2020-07-29,202.0,246488.0,11.0,35123.0,30875.0
2020-07-30,288.0,246776.0,6.0,35129.0,33396.0
2020-07-31,382.0,247158.0,3.0,35132.0,29686.0
2020-08-01,379.0,247537.0,9.0,35141.0,31905.0
2020-08-02,295.0,247832.0,5.0,35146.0,24496.0
2020-08-03,238.0,248070.0,8.0,35154.0,13467.0
2020-08-04,159.0,248229.0,12.0,35166.0,23491.0
2020-08-05,190.0,248419.0,5.0,35171.0,29739.0
2020-08-06,384.0,248803.0,10.0,35181.0,32169.0
2020-08-07,401.0,249204.0,6.0,35187.0,30392.0
2020-08-08,552.0,249756.0,3.0,35190.0,26631.0
2020-08-09,347.0,250103.0,13.0,35203.0,22773.0
2020-08-10,463.0,250566.0,2.0,35205.0,10904.0
2020-08-11,259.0,250825.0,4.0,35209.0,22063.0
2020-08-12,412.0,251237.0,6.0,35215.0,27330.0
2020-08-13,476.0,251713.0,10.0,35225.0,25629.0
2020-08-14,522.0,252235.0,6.0,35231.0,24868.0
2020-08-15,574.0,252809.0,3.0,35234.0,25937.0
2020-08-16,629.0,253438.0,158.0,35392.0,22470.0
2020-08-17,477.0,253915.0,4.0,35396.0,21379.0
2020-08-18,320.0,254235.0,4.0,35400.0,32687.0
2020-08-19,401.0,254636.0,5.0,35405.0,41290.0
2020-08-20,642.0,255278.0,7.0,35412.0,49662.0
2020-08-21,840.0,256118.0,6.0,35418.0,44943.0
2020-08-22,947.0,257065.0,9.0,35427.0,46613.0
2020-08-23,1071.0,258136.0,3.0,35430.0,47463.0
2020-08-24,1209.0,259345.0,7.0,35437.0,33358.0
2020-08-25,953.0,260298.0,4.0,35441.0,45798.0
2020-08-26,876.0,261174.0,4.0,35445.0,58054.0
2020-08-27,1366.0,262540.0,13.0,35458.0,57640.0
2020-08-28,1409.0,263949.0,5.0,35463.0,65135.0
2020-08-29,1460.0,265409.0,9.0,35472.0,64294.0
2020-08-30,1444.0,266853.0,1.0,35473.0,53541.0
2020-08-31,1365.0,268218.0,4.0,35477.0,42583.0
2020-09-01,996.0,269214.0,6.0,35483.0,54395.0
2020-09-02,975.0,270189.0,8.0,35491.0,
2020-09-03,1326.0,271515.0,6.0,35497.0,
